theta: -2.7210658804812993
x_v1: 2.325080432183591
y_v1: 1.3504351735217512
